0.25234197130450725
0.0005323982586117812
0.261490911257876
0.0003646162609407432
0.335349602799638
0.015211626846662952
0.44234751896191216
0.04928029355107198
3.6578302693374294
11.184423746660558
0.2778810782908487
0.052291658316044105
0.5483769117900927
0.1764040202361319
1.3783231102934708
7473087691643316e-20
0.5111061171110511
0.00012258638961419968
0.6693183715624234
0.09820322578067812
0.27548940103932734
17826182379190846e-21
0.3389005754049823
6129192704121207e-20
0.33804485286826785
0.031796955767693105
0.4051899579062386
0.7116018340936541
0.5970647166041745
0.6593115644179095
1.4407391306677995
0.0002610272488826421
0.3248831842824329
45344804287154114e-21
0.5358243385879623
11155135978388388e-22
0.7618794995907612
6607490649170297e-24
0.5443479259961406
7118347685856952e-20
1.0148298162248188
3014114014391082e-23
0.6912037400784257
6187195208045953e-20
0.31867049790249863
0.005773978239989751
0.39225560307822727
0.5451498567285487
0.42620688289649183
23811352961388245e-24
0.29246166154952224
0.019624083485221957
0.42664395538235556
0.0977613090889173
0.5146988288952865
0.00013569866261303507
0.2726635745741057
0.1678679382722104
0.40962759527132914
0.009527761375495094
1.06376277963541
0.0001481352049577191
0.6793080191220612
40121067912971366e-21
0.29534960717724335
25816767859931568e-21
0.43217696683132506
0.0026249657532517157
0.8740507308132197
4573053100081695e-21
0.3200619347828252
9446153164886509e-21
0.35561251120710613
0.00021062491608611636
0.8496259654999736
0.005492216644883146
0.3220426259199749
0.00017234420716595892
0.9797252670728234
0.0002673033454161813
1.4206461040196612
0.0012216168124701216
0.4211102778492046
0.0007551984706492432
0.29718099855445096
109.02940813421668
0.8562012761274255
0.15666353111739076
1.3920576053239782
6389870348515272e-20
0.3232390396107353
0.001498655230631764
0.5677594730007881
2.0020992716657053
0.35563303986331296
2532495989869618e-21
0.2577582707255199
1.7653020991897586
9508853417298964e-25
2846083715527514e-21
31323530628709915e-23
12142822822873812e-23
12386531827830852e-23
8344959675879346e-24
34467425834916415e-23
6712301804485824e-21
5873964377373317e-24
3848771305535557e-22
8.767387668242103
7949986222168544e-23
15278996285481495e-22
28574604990013264e-23
2799450026364221e-21
11194289420687603e-23
15526901019004699e-22
0.001718427602896935
27210484245210085e-26
0.030452997921846792
0.336166537947075
0.8367937151453145
4242688192630825e-24
8823976824695759e-20
2270974853226317e-24
6817805660974398e-23
2432518273888049e-23
9320049077924971e-20
5787270840223148e-21
6192255853740858e-26
8832588871829598e-22
15590298314514242e-22
29757278191552123e-24
40053849466967795e-25
10560237168072467e-26
15439537032387672e-23
19280769903653182e-23
45851206542466827e-26
0.004157574042650081
19583761267628337e-21
0.0029821654239267537
3343786801867481e-22
0.000930933943263965
0.02840175698584995
5930344997309615e-24
9431253099630083e-24
3672533445453151e-23
0.0014645069691752166
43238821668558694e-23
11.746679801755947
0.006118568457577614
19743587914804638e-23
36887177591990585e-27
9438374260579459e-21
8436776248378806e-21
18664668234277362e-23
0.0062548889666465745
0.008177874477551222
0.0013255682641321975
20933408155816238e-24
0.0038344280536594683
4255556906994073e-23
13522402259312467e-25
43810796086577704e-21
0
0
0
6859357591899023e-22
0.024523414778246592
