1.1566780420370137
3692197671667099e-20
1.029485488725409
7404630433747987e-22
1.8241503581825942
0.01618292917282652
1.246016749296394
21019566696404994e-22
3.652032346283064
0.010669955919637614
1.2624325992735899
0.0001762450006468683
1
2828126419314683e-22
2.2887893002647997
4600998054815615e-20
2.453469465420239
5742280311657225e-21
4
0.007098851272796437
3.715916648536319
19410785307321515e-24
1.8186029554710947
0.0002107841968019786
1.8718585536235548
6714574571510342e-27
2.9375981586116606
0.00027767350733252954
1.0984966279107051
8507130851932981e-26
2.799966710209184
3011555291162793e-23
3.9752763183995525
10235357451854022e-24
1.4742828273760098
0.001120331661112684
3.7449070692595856
633060225202757e-22
3.1569549271758337
7703930434897432e-20
1.4396829735952015
3700596705503272e-25
2.287940746963969
0.0004819528153727727
3.154772860675662
28418061172314597e-26
3.7457719800445313
8670541048304094e-22
1.5268065235417205
37753949321602606e-23
2.1836768389418357
1386280521646635e-22
2.3066305240777574
0.0012527339501447582
1.509942221669782
0.009816748568007329
1.7214134518387034
7876610362384243e-20
1
1524330796226692e-23
1.195301860920709
0.0013581578647263689
2.994269893382826
40631803440203545e-25
1.1429773237846268
0.0007035120157706915
1
11352850871628372e-23
1.4309065631582434
335829273327452e-21
1.0032377750762538
3461546352777659e-22
1.0751297699269764
2972694221902959e-20
1
4176194144808855e-21
1.2886911709031148
10034786956545905e-24
1.7157581477552026
0.0057017940790201945
2.9471430948296207
2375263984986777e-24
3.2006342387115194
0.0007946110266056306
1
5818925431399096e-24
1.368858449434106
0.00010780332622229523
4
0.14649282029268254
1.9619009058655985
0.00023267544673904924
1.8781131391756438
1201133299184669e-21
1.0080566922292715
33130345156466765e-21
11108384059938526e-24
2367458325986911e-25
11175550079869645e-28
1535822807806734e-26
19355004227693198e-22
2599062255941719e-23
1358055019199788e-21
12343031517415804e-21
7471173931547551e-25
14686893708198298e-25
7619839205496735e-22
14087416798679826e-21
8456918769547872e-24
2204232097587933e-24
2727715785369991e-22
3048368585605021e-22
9925571403931053e-23
0.03295984121066865
31612779750194754e-25
0.0003186363638186134
4736474291410714e-21
7.425313096845042
971902433340272e-20
2.369109804455244
24207790418581375e-24
2538359921275868e-23
12351541408547982e-25
0.00043409191205674014
0.00063381307207865
2308387228536498e-22
7018023956609761e-23
10055937240875183e-22
37617660928096214e-24
4516483318678043e-23
18701210926502714e-29
8582233566533899e-29
20221713244514436e-27
13985899238602518e-22
14055855318206313e-21
0.0009560852417798574
900809071567016e-23
0.029349839346687404
24907056012458276e-22
4453297721459625e-20
0.030478334157634623
31009808573292045e-24
1262625532204924e-22
0.00019023241660185805
46295384502356173e-23
29940684515345378e-21
15162519573059856e-23
30604121418070507e-22
21653742810487288e-21
7922579086305274e-20
5.105910048954851
15900312169350034e-25
539017107147427e-20
27924277719938713e-26
13450214031823394e-22
1077684603192487e-24
419278663212513e-23
7418182930613699e-24
9773671454848593e-22
2.4764832624545625
0
0
0
