0.5318930860625545
0.0006833151311676575
0.2654096731510537
0.0006553574843136334
0.5728829086185602
0.0135298665030638
0.5887233798773301
0.05125910509292995
3.4825512798410383
11.54731336814421
0.36283738928735865
0.04431626401849002
0.5901406010924183
0.25459280903016795
1.0418152854429577
4828677745442756e-20
0.3250540436096445
0.00013364690907148916
0.7158265932489206
0.06180671400996552
0.29776116233370453
23401829820959528e-21
0.43723787150598514
50490127225497504e-21
0.25
0.023531465207552425
0.25944453850509575
0.7536816646736846
0.7073200422327464
0.6867837204983682
2.1487676562556324
0.0002973956407194033
0.3985418099784996
21736033907230793e-21
0.708349541324027
6859861959308168e-22
0.5186810532000423
5278341209990334e-24
0.5315830974419384
4080032810982652e-20
1.1362135283748942
2024827200944456e-23
0.9615346661301337
5960205463165878e-20
0.2633642618459893
0.0054717157533639696
0.5349842742132994
0.874984333459594
0.5066726052183641
2205511062284367e-23
0.25103834927787405
0.013539395645815706
0.3981790870301781
0.1070594007854475
0.49545262887846564
0.00017469955952164603
0.2888881975221907
0.19599935884755024
0.4922436264960899
0.00703348722695734
0.8378189965974167
0.00013299915452392186
0.5901969942758458
31119771317035474e-21
0.46916599399925546
16275986686303065e-21
0.5192680254741727
0.0033616846490552937
0.7374188138715281
4385549559382294e-21
0.3416380349254116
8794418339152696e-21
0.2645687834507233
0.00023948552732067625
1.095214517247151
0.0046824806575026445
0.25
0.00020226376090979296
0.5306210443783652
0.0002725113628233447
0.7172128990972659
0.0017312216125492644
0.28501363360537335
0.00047569350896485026
0.26026573695249927
136.9218833990205
0.7097183747892863
0.1815212007118712
1.5217951226672946
6796507504009686e-20
0.30617330998154313
0.0009239661285037956
0.5339881916355461
2.2450410070764035
0.31574436661993793
31356156844343155e-22
0.2869042078779848
1.499931395424776
7213581436953237e-25
2240733102888606e-21
23499701851976637e-23
17313004005169548e-23
7299289305195478e-23
57093385343109865e-25
2290428754386323e-22
7491796895366235e-21
5174094134519493e-24
4782212384821043e-22
6.304003880686566
6809173948884812e-23
12766473592165124e-22
3078049680069655e-22
3028994196313768e-21
7338578612677845e-23
15008844479030268e-22
0.001378102323534832
2136553220840208e-25
0.03208415881183316
0.3090650157472117
0.7104893206143608
4918218112590596e-24
8724641158692204e-20
17005790586371669e-25
5975599036205333e-23
23704687306227635e-24
5480920611047513e-20
6676444362662293e-21
4151379109848391e-26
8384314405924656e-22
14527292242979784e-22
21705745297251946e-24
4705939829030392e-24
9527737409759692e-26
16666931807746872e-23
16129250123964116e-23
5954282735770485e-25
0.004079133571770559
27404601352542276e-21
0.0028316600623023575
4859165161798403e-22
0.0008537490855087185
0.04503751455196956
5218008139431905e-24
744545276787434e-23
28426548217664795e-24
0.0015260103416256936
5211457308346121e-22
11.610241442450443
0.007192899922808072
22661429867116854e-23
562605647715698e-25
10391129702033187e-21
10307324464846538e-21
1713116608779542e-22
0.003749332071780559
0.008061207735235304
0.0016308885016944456
1773697644758208e-23
0.002683558564743323
3450832441943054e-23
8240264150411236e-25
28547419069175218e-21
0
0
0
7081804806589091e-22
0.014429758347828113
