1.1933185775859798
19005726399061966e-21
1.7197514592081196
14709404016996772e-23
1
1.934138241665997
2.4515165773687153
3760587085215323e-22
1.008922301817484
7628580490988622e-22
1.6440469431227875
417762125891513e-20
1.7985097595669974
1657797079640101e-23
2.9557487016883823
0.00012476898518632175
1.218274094069103
5000302570293181e-23
2.4211764233723203
0.00021955097628789414
1.5007261352177683
7560657039875409e-20
3.666088164757086
12195011026427295e-21
2.592261191444752
37817747955295785e-24
3.832890924743539
0.00037617786019594063
1.4064692418407287
6640705996608544e-24
3.7920493499344543
6992979418561824e-23
1.3146143945796442
953147209220976e-23
1.3830184653403172
0.0001231318105562753
1.1327563138268744
32051672525112574e-25
1.118904511096636
50506964312971245e-21
3.193499793803288
21131115897504667e-26
1.5396307696008438
8.7659964303031
1.0921294696581179
20380949489243755e-24
1.476426907005365
12375560783418924e-23
1.6684499331831077
8853717981653626e-23
1.3994364439399696
39770543802935525e-22
1.2647540149007832
6650320054135964e-20
1.0520340473129128
51782082402160426e-21
2.6670064876993345
22155840091929677e-23
1.0782222207460215
11161829182619675e-22
1.4844299300020383
4551419134574742e-20
1.734872720000016
12431899930729424e-24
1.043906471080671
0.0006716272281189046
1.036602258108935
11361982141509045e-22
3.0249947725318544
6474431849552791e-22
1.4953546277118517
34287683176248477e-23
2.5702172344269623
0.0004246244898655411
3.6618520370314838
2806734785702044e-23
1.2780513119412813
5353167759926702e-23
1.1064423013247255
0.0002636776937615391
2.430799494751357
427977603488515e-22
2.2568416754436256
35755259027081573e-22
3.4898803031303984
23421013810414473e-21
3.14853485909501
4864405719021688e-22
2.2512479577373825
0.00017130526974773957
1.298176372349419
19644499969249815e-21
1.7895371035463605
15475838828841872e-26
1.0554901394597236
3404003836779447e-22
4116932198532083e-23
14781262683665413e-25
48423486305057744e-30
18383756143633204e-28
3732793700186431e-22
10295516733314258e-23
9404831691386653e-22
7909350486010304e-21
13498337416108362e-25
3567602184934121e-24
31578108301877353e-22
55034132829818544e-21
11053654358012794e-25
10336370411905814e-23
29484910155175725e-23
14744606381569794e-23
3704392445317238e-25
9.656567137008915
8593104560962339e-24
3704986847796584e-20
22695830479167133e-24
0.0009760765400432108
1806034038770097e-20
0.2533626429577064
41348698240217027e-24
49899615828398285e-24
7406133654036275e-24
1206104745558858e-20
0.0010019748748292345
21626159605506727e-24
31911727504669157e-22
3350503769001171e-20
8142341723988823e-23
17346297570897085e-23
47062096320994137e-27
3707482939053543e-27
368882045786893e-27
23610032005018963e-22
4562491195531199e-21
0.021051812214260168
26105508408934074e-25
0.00032741707290664235
13720904058646031e-23
20220536125107252e-22
0.07612148369333094
5179312099165766e-23
2044568155483356e-22
0.00682945651640742
26072888757210546e-22
2804031330504592e-23
23192541862857472e-23
1428440329085798e-22
19916772034216152e-22
8562618521400906e-21
7.113078953215669
6193841105548868e-23
7988550723057878e-21
28914551251258216e-25
4388037078133821e-24
12631419578072603e-25
1669592261937711e-21
7546774410127641e-24
9779358729154771e-22
0.2553550281754912
0
0
0
