1.4917182726456224
52780558136714004e-21
1.1165625232407004
17343900000921165e-22
1.2468721395225617
0.004160679183091912
1.6874806558812632
3947098346359969e-21
1.4774163030790803
6135836041779108e-20
1.0533197684988715
6996774177387521e-20
1
2135849753462582e-22
1.374274524380709
27012501163655516e-21
1.755461278045687
3755956772353763e-21
4
0.003657619399528915
1.036908356868813
59717895194194806e-25
1.5798058961186097
6429230836652248e-20
2.7493022735607306
1502303790996422e-27
3.1014868172528285
0.00013592875469496215
2.181607374070118
966100356740076e-25
2.0301347343494083
10828436306147649e-23
1.1269774585546952
7848425213777989e-24
2.565305513087294
0.0016461088183447972
3.4764383173327476
3944575594955702e-23
3.3594648977411126
0.0001939775530109819
1.1673573084082014
27663138593137913e-26
2.8906547100061655
0.000346663884426627
1.95883869647175
4991830331516236e-25
4
4927761909275488e-22
1
9714624733573845e-23
3.2342335378701197
24259239641505383e-23
1.185693610876945
0.0005748911855916631
1.8795790844047149
0.022743643189016404
2.1941227549810782
0.00010018069324875631
1.7589728729254084
3041989328061593e-23
1.11518295952724
0.003774226986116417
1.308435929771465
9166997775867904e-25
3.473506041438975
0.0004700521921787565
1.2083596061953952
1683780548368426e-22
1
5392424809328557e-22
1.4119879346929165
37293113772055366e-23
1.1276477438466463
18868691085857086e-21
4
4899205993781348e-21
2.273900679826096
33434724193963507e-25
3.7300076888979374
0.016520414753989424
3.0753787487733373
11626115375499262e-25
2.2121324765038906
0.00045668634064117503
1.5156279119927245
10082785572551513e-24
1.0644050748136868
0.00027912232891604753
2.817488273300923
0.12256066635145405
1.7155526716749299
0.00022463828494235746
1.1317839769978608
8127075057325093e-22
1.5574107961016683
3739842880201969e-20
36633827888261254e-24
1543392628254113e-25
4707729532847752e-28
18545583743397595e-27
18425720524610184e-22
1951306172019273e-23
4114154568084102e-22
4644439716077099e-21
1233054560582321e-24
32097680914183887e-25
8805668313481616e-22
1871351885749947e-20
960953544593023e-23
3482375279702947e-25
22670811071604343e-23
13818269921498202e-23
30142711520034936e-24
0.017191311912814273
54123601100679425e-25
0.00043340005451173054
14002730077498835e-22
11.581923019631358
812388977042377e-20
3.324589167157464
3446330577984874e-23
15041417726515484e-24
2059220688590184e-24
0.0004611017543202065
0.0004868869013925797
25826219432993294e-23
1543152165657535e-22
2286289973876291e-21
2757411838587688e-23
11901450057284019e-24
30523627651453235e-29
13891468034822199e-29
19091507258888726e-27
21765927955899827e-23
6502258470335949e-21
0.00045106187442904057
6006917752739877e-24
0.018901111195354012
16278457496884427e-22
48004783161713936e-21
0.05705248141098786
11299917013876271e-24
4519728335037097e-23
0.00026116905486151806
1615567327160971e-22
13254375633551544e-21
13899289827606316e-23
9115964296638209e-22
2033203183824641e-20
14609790324515266e-21
4.070442567073501
940975856314931e-24
538752864070509e-20
6298378671263872e-26
12622120140991487e-22
7478501204512381e-25
38081193358062285e-25
56309937206590225e-25
4347618905964486e-22
4.043906102639152
0
0
0
