2.8425994232368406
8307983648500045e-22
1.1959786405660697
5887068678536069e-22
3.967571205758673
5.412409006974147
1.2923462258325706
11565345486370573e-22
1.3661307479548928
13557524669775805e-24
1.098491665596452
48359664426264364e-24
1.0375826909994705
5051538678552066e-26
1.2638560690429488
5531866263413751e-21
2.2268803743050456
486916609947291e-25
1.5155290224297948
0.002194438536882381
2.751104171330015
29738549175216616e-22
1.113398959735997
19368049348446726e-23
1.7643374841132817
4306756727379835e-24
2.9244719944650153
5378389588462751e-21
1.2151390480863227
5945728663845096e-24
1.0136796396389152
9654415540182181e-24
1.1499382619017304
11129112447937647e-25
1
7588738194967638e-22
1.1556571654607755
3910928498713967e-24
3.471269775447231
756434543543892e-19
1.7476886154150704
8552923270204237e-28
2.0483910714691227
0.021055028343473135
1.416014204898658
4458172600114293e-24
3.298593699117641
13000935523420061e-23
1.590175037487446
7899110709837586e-25
1.3646994585469527
5580682494391408e-22
1
4330006669805931e-23
1.2165182190432193
19879861162397437e-22
2.6589598478919387
11347639271709882e-23
1
497490867645447e-21
3.928499611699883
4352581721936627e-22
2.364499266986499
4136342814002913e-24
2.0794353949655195
0.00020609621342091203
1.3192179215072308
7986030177420596e-24
4
272887074775321e-21
2.0616603229608343
12874647324962242e-22
1.170578863207796
0.00015861483649622492
2.6395259239597
5491986499001342e-25
3.6314076554135064
3744414843813447e-23
1.4264755149751538
22025746483404424e-21
1.1086448677523375
17514003845846426e-25
2.9541396836395557
9644818344492007e-25
1
11778517972996109e-21
3.084506453127192
984799353228213e-23
3.3120549064336444
5956379979630578e-22
1.3366801729222193
6818404652002102e-23
1.2961773020419223
3703169618695721e-27
2.670991276248787
14683362575195034e-23
8152821303640377e-24
12761285110743138e-26
61698149252548674e-31
8576261550665046e-27
5175967305099062e-22
784509029485993e-23
9380469219697615e-21
7536646512904872e-20
1281280398273596e-24
2338000806673626e-24
12992732093907286e-23
23569957882836074e-22
7564223548573409e-25
887741860234726e-23
14541325723067165e-23
1160392646005574e-22
930494045335114e-28
1.783421199892346
10019827174820333e-25
3630554688451597e-20
3940183151844925e-23
17550407633605635e-21
2551212149108749e-20
0.24481125874216078
2530763815993729e-23
3628228367098419e-23
3193656704617182e-25
3925747120876639e-20
22150243806893765e-21
40225256293898426e-26
41516735198560615e-24
8067554575335015e-21
3041648671758596e-23
6915268095811632e-23
7531727352564421e-28
1279185236368144e-27
1531870072740616e-29
7004692294126248e-22
37563376658759228e-22
0.00036439869861547633
26027087068519715e-26
0.00013308156332745235
8349350236012358e-24
12059359559134026e-23
0.015512894305210056
16589978868650473e-24
5741127533161645e-23
40779053172606364e-21
3273113059341827e-22
14925768702591283e-25
1015261593684553e-23
4564882030434931e-24
4919625252973627e-23
2584375420121874e-23
1.6009972087530435
35066761817719955e-23
15311049105223668e-22
16949292050121312e-25
325510826114353e-24
4756344975113731e-25
18651173770993464e-24
603923084003483e-24
14269921614980184e-23
1.1521117505706198
0
0
0
