1.2783207809997559
0.0003268694915942832
2.3803943392928786
23415004921727988e-21
1.1223849956704628
0.9717290192329093
4
15774147400826982e-21
1.1391128275080293
0.0003397588721305597
1.9071555106267637
0.015876893998297194
1.3335282443449545
8803168426787969e-21
3.1386044680142593
0.00022325752966375628
3.1386044680142593
0.000022325752966375628
3.327535096307428
0.17736261521185717
2.095991021904557
6341369650697571e-21
2.639550288282975
0.001875798089317538
1.2635425352814165
4654534924717002e-23
2.6342315009130655
0.0006801465259322924
2.2886759897222557
12302074632464261e-23
2.2726076430174755
14510171992154136e-21
1.7751133349251957
7111583354947044e-21
1.307148075752666
0.016123716121798064
1.300121990209937
13128504762922614e-22
1.5848887784261236
0.0004601668138756393
2.1736072018411234
11920731628392941e-23
1.273033158184206
10578818914470025e-22
1.622622523443445
53941655117012864e-24
1.2572048852896736
3521643642382242e-20
1.3077999449900517
0.0002712170747531017
2.9618505264119
0.00010338725340888282
1.4788763607240258
0.267937933609922
2.229701342091882
0.00392886972782498
1.663432510262635
0.00014819457500525536
1.3642019881290683
13143338986972101e-21
1.7346889772010357
0.0028843024466579667
2.111240549745336
14276356940739761e-23
1.026114965244381
0.00034361696971115516
1.3021562635921964
28009735106645757e-21
1.7385413623764012
0.00011144761910916462
1.1037373791842087
0.00020845484166874586
3.5101016594466876
0.00011288421346740347
2.1274623091143523
0.0002829586516456496
3.180190395402554
26499197724185327e-21
3.1680429627001105
0.009514018464167774
3.498987679862932
35168861101161015e-22
2.8744340269604582
0.0024136722145812256
2.155661763612065
4386478611548038e-20
1.084702454580748
0.0001188132211385739
1.6743949596001892
0.07552176356707631
1.5879756171366826
9670363101709018e-20
3.359160128630523
35076906553532674e-22
1.19127928690824
0.00010226871257602688
2493934363133052e-23
18614884868782012e-25
2772455774545288e-25
196593073255842e-23
5752384177980515e-22
10303402845833772e-23
23171937098078415e-22
22299963183374006e-21
9484912266333218e-24
3255310051169338e-23
1301147972141115e-21
23724403638909353e-21
15187907805328568e-22
9413191875456896e-22
9413191875456896e-21
50996036605228036e-22
25178711868082304e-23
57.81244608031785
10698022010278279e-23
8994078143871916e-20
4760698897657612e-20
1.4286460561955179
0.00012124705716347386
0.6111413103812537
23340921969494005e-23
36893802281976213e-23
2050639812963238e-23
0.0027531536200452607
0.22868995068157238
12918988708227265e-23
23145897501854115e-24
0.000166569517894293
542806641298341e-21
8826389461450716e-22
33851491573751107e-25
10895297706529003e-26
15982918289826085e-25
27451718498795842e-21
8691462025939187e-22
0.2776561382442852
28662254061603614e-22
0.20075156170512062
8502614113217019e-22
15342411330844497e-21
0.14172220137495384
20821536507624778e-24
9306498480168798e-23
0.0021117219331585413
33088872240517456e-21
59980686849653364e-21
0.00022178254401017842
0.00010852629579210989
53556036258095464e-21
0.000130985853248136
49.54346883503841
3136039365527391e-21
58133081361190186e-21
4604157661221641e-21
8841875942753721e-24
8592217708879084e-22
16378442709833133e-21
16430338419158178e-22
26310675272657714e-21
38.64774662362221
0
0
0
