0.47091261917840366
0.48918591345070517
0.45619694587815846
0.5051676996566594
0.50993762753212
0.5286463019020192
0.5072848992463252
0.4592003974181931
0.4700244933395953
0.4961077700223557
0.5202280802251011
0.4616070205608887
0.45990377993402975
0.45962872572707475
0.4710324837773539
0.4331229734365378
0.4292394308466298
0.46386946177323185
0.4629081820288209
0.46708292670311763
0.5085900249464529
0.5081929005348237
0.49402236461714427
0.47365291195455733
0.4771717576180086
0.5146591096875264
0.5267828263602652
0.4935744514585711
0.4952828899110221
0.5025117087026655
0.49621513468195966
0.4898383306183905
0.4614643666524674
0.4688323297280422
0.4846669759786581
0.48337003490381836
0.4739368189148792
0.4803083688241564
0.48813117187586946
0.5220969190181266
0.49820807415222
0.5291662181087965
0.530893781006508
0.5237028968740887
0.5199283218105754
0.5247270704250535
0.5149593131159338
0.5270483532845324
0.5818446186599788
0.5853729531724969
0.5777148015462104
0.5886874780672724
0.5828268506440333
0.5875177332059982
0.6052242159860375
0.6147483649215212
0.6204139853420025
0.6253689108972628
0.6247510817830529
0.626942099480698
0.6246615833615482
0.6261138257815791
0.6243728348943005
0.6247802706257926
0.625438813255239
0.6265578596171173
0.6243500542956204
0.6200028612420444
0.6215222059819531
0.6251364034250049
0.6237912252338165
0.6212706556188695
0.6231782667338077
0.6226645996577856
0.6242949473999144
0.6239027256751795
0.6171634696330051
0.6185688294468317
0.6193488722369882
0.6186665230418996
0.6170200616672039
0.6216735578052165
0.6268607345872749
0.6277990689316403
0.6292019699240126
0.6264839007052532
0.6266199417296354
0.6241175777883314
0.6215242716555573
0.6221843762100222
0.6257729562610828
0.6245103156760483
0.6196409096040356
0.6184698208764539
0.6219898041325084
0.5963690311571551
0.6064283268104562
0.6018678587602085
0.6037237598910987
0.5952740971656172
0.587882235875551
0.5948044068581947
0.6014152982100539
0.591106171291068
0.5976310275945553
0.6116805203722849
0.6194906698920751
0.6195008575522551
0.6120450956095572
0.6058636729675743
0.6068635122409107
0.5724877458383485
0.583089588306984
0.5903146171423186
0.6036865866759855
0.599606655358773
0.5969536085623356
0.6020233942016544
0.6078169157791578
0.5599308865648521
0.6019513262051907
0.6069013299615299
0.6120663209489245
0.6092267843750819
0.6108132644841396
0.6128732705633108
0.6148004112324966
0.592137134505043
0.5906737132656404
0.5770868888672741
0.5498595603179647
0.49450997644445627
0.5303759882824909
0.5069750231587107
0.5336116136427219
0.5241575713458679
0.4314824462198163
0.4749819617698667
0.4807875614370712
0.4827134520782764
0.4657766474144021
0.4707728686020943
0.49130988394388
0.5009432369864448
0.5156681233552456
0.5372845061285969
0.5607227239710247
0.5768234685829488
0.5790619258624574
0.551466132474019
0.5506223789405501
0.5591928388153496
0.5323698683940389
0.46407203809524133
0.46682541853588927
0.5205818386228224
0.5678906751040481
0.5592857545559857
0.532455296555106
0.49930740302728466
0.5207167404090105
0.5235193214309317
0.5445908557694443
0.5744565901710705
0.5797878294008647
0.5740846991916275
0.5769289858537068
0.5961011251017133
0.5958191692468359
0.6100728792115475
0.6125323991823599
0.6143701423575492
0.6116082810081408
0.6134904976501814
0.6078983575469816
0.5976957297905292
0.6122410239230512
0.6160392759993717
0.6184271232572504
0.6165496574169583
0.6181975556922124
0.6143175750751417
0.6150685692046007
0.6132473594586784
0.6088914182161259
0.612576655197186
0.6144709052000024
0.6177094906096189
0.6155164809255169
0.6119297219687048
0.6138527406815129
0.6037657540627124
0.6143036426082087
0.6050992344979571
0.6058571564244889
0.6072224262470365
0.6029632182660786
0.6135194186184567
0.6167468725270823
0.6180446414946441
0.6158696642925432
0.6149623193895585
0.6107136854909176
0.6100086616878986
0.6110435410362799
0.6141625028774661
0.6183849963024481
0.6196326816011197
0.6238769665000812
0.6207726520432619
0.624900262619734
0.6248028581988396
0.6249487348101269
0.6274467517971825
0.6279557138846547
0.6195695155358492
0.6294743492796857
0.6303435651459074
0.6062549342224578
0.6020863256101348
0.6050220105383426
0.612708369745531
0.6145423595068507
0.6135193920866653
0.6153615388915314
0.6168456914075156
0.6173867338172602
0.6096766054881092
0.6005242496326967
0.594658529774942
0.5925598401264397
0.5859171259774283
0.5797149585705725
0.5795622484090014
0.5884172896569032
0.5851107879988746
0.5861464119399853
0.5894846987066663
0.5920593829634576
0.6040459396199404
0.6030323286906261
0.6003695844741429
0.6026673084529475
0.6024458421309972
0.6051455905490812
0.6042383253239855
0.6095192858725061
0.6153771377668631
0.6124465975677833
0.609606236968336
0.6086825065957606
0.5986290682361827
0.6024392347032694
0.6033738382280319
0.6016983605252445
0.6031390315617208
0.6048020849637977
0.6035427606004402
0.6057700657359651
0.6322370086537182
0.6317408446053648
0.6309885945873684
0.6470622800003916
0.6585107960532526
0.6620048248755802
0.6642116154506206
0.6694836087840795
0.6738970763676756
0.6692959935665324
0.6703087492933325
0.6673203727654674
0.6624075604149607
0.6624015753258256
0.6617204660558242
0.6688580738050766
0.6742826718134517
0.6766329544605238
0.6740734192880297
0.6769982487323009
0.6829241986287156
0.6850811959044439
0.688209273598622
0.6872544779403739
0.6906974806579683
0.6855850628377843
0.6629656528408897
0.6106557337947004
0.5696720442900224
0.5672139450728612
0.6071165934473128
0.5863132360265582
0.4999942879192813
0.5108926037385823
0.4920528312858437
0.482427901487103
0.47685999380979177
0.4670900849374782
0.4752360208365897
0.49808669642833425
0.5035918562370281
0.5084091840565558
0.5050794181753521
0.4890703061465462
0.5126949312556639
0.5432211076744448
0.5429715768365486
0.5270653214254908
0.446156118666262
0.4712945260037792
0.4774340394984728
0.48075167551710757
0.5023547208603532
0.5020709640607169
0.5706632929541179
0.6272626498153054
0.6293957510830922
0.6190495350198075
0.6257774036944372
0.6102333484890077
0.6163937822179744
0.5925089364543606
0.5912074203570902
0.5453358967962952
0.5886349410390586
0.5879514675603534
0.5562502784429593
0.5455389585666384
0.5370862778738633
0.5081212697723477
0.5070738810754537
0.5177246751899685
0.5303255232063288
0.4950217649394578
0.5045037599641252
0.4744294780438096
0.4847455227968595
0.40731720760085277
0.40340107205282477
0.4000838280753395
0.3897136484510563
0.41089183521115347
0.4334407436365536
0.4304816476588454
0.43323760224766183
0.429736237916613
0.4266386633745356
0.4312238667384418
0.41518325617752977
0.4364019938358532
0.4406290448112285
0.4296327144379628
0.42393950762698795
0.4680022216229938
0.43360482257448063
0.4283466977804414
0.4502694319742583
0.5091761157271366
0.5033330742360055
0.5529323091237397
0.48117356439104186
0.47538946863771686
0.4621875317347764
